09:05:17
window 256 overlap 128 decimation 0
layers 0 8 8 0
oversample True
pca False
rpca False
mspca False
subj_train ((2, 3, 4, 5, 6, 7, 8, 9, 10, 11, 12, 13, 14, 18, 19, 20, 21, 22, 23, 24, 25, 26, 27, 28, 29, 30, 31, 32, 33, 34), ())
epochs 20
fit_accuracy [0.6448, 0.7004, 0.716, 0.6956, 0.7119, 0.7547, 0.7856, 0.8144, 0.8204, 0.7612, 0.8308, 0.8571, 0.8509, 0.8693, 0.8532, 0.8631, 0.8753, 0.8845, 0.8797, 0.8818]
fit_val_accuracy [0.7511, 0.6743, 0.7173, 0.683, 0.7391, 0.7743, 0.8045, 0.7846, 0.7735, 0.8125, 0.835, 0.8559, 0.8634, 0.8777, 0.8522, 0.8422, 0.818, 0.8922, 0.8697, 0.7812]
subj_test (0, 1, 15, 16, 17)
test_accuracy 0.6082
permutation 1
train_size 36468
p 0
spikes 0.002
time_train 1487.3932388629764
time_test 5.278606167063117

