08:41:31
window 256 overlap 128 decimation 0
layers 0 8 8 0
oversample True
pca True
rpca True
mspca False
subj_train ((2, 3, 4, 5, 6, 7, 8, 9, 10, 11, 12, 13, 14, 18, 19, 20, 21, 22, 23, 24, 25, 26, 27, 28, 29, 30, 31, 32, 33, 34), ())
epochs 20
fit_accuracy [0.7777, 0.9074, 0.9338, 0.9452, 0.9492, 0.9548, 0.9569, 0.9601, 0.9611, 0.9639, 0.9645, 0.9651, 0.9679, 0.9681, 0.9698, 0.9704, 0.9713, 0.9721, 0.972, 0.9735]
fit_val_accuracy [0.8908, 0.9211, 0.9413, 0.9478, 0.9521, 0.9452, 0.9547, 0.9613, 0.9592, 0.9615, 0.9587, 0.9645, 0.961, 0.9685, 0.9659, 0.968, 0.9675, 0.9647, 0.9702, 0.9668]
subj_test (0, 1, 15, 16, 17)
test_accuracy 0.901
permutation 1
train_size 36468
p 50
spikes 0.002
time_train 542.399436308071
time_test 1.7245585990604013

