22:01:57
window 256 overlap 128 decimation 0
layers 0 8 8 0
oversample True
pca False
rpca False
mspca False
subj_train ((2, 3, 4, 5, 6, 7, 8, 9, 10, 11, 12, 13, 14, 18, 19, 20, 21, 22, 23, 24, 25, 26, 27, 28, 29, 30, 31, 32, 33, 34), ())
epochs 20
fit_accuracy [0.6178, 0.6596, 0.6675, 0.691, 0.6941, 0.6771, 0.646, 0.6995, 0.7373, 0.7424, 0.7484, 0.7685, 0.7505, 0.743, 0.7608, 0.7744, 0.7846, 0.7965, 0.7754, 0.6308]
fit_val_accuracy [0.6635, 0.6596, 0.6956, 0.6992, 0.7085, 0.5786, 0.7001, 0.7187, 0.7519, 0.7595, 0.7722, 0.784, 0.7541, 0.7676, 0.716, 0.7735, 0.7705, 0.815, 0.7929, 0.6326]
subj_test (0, 1, 15, 16, 17)
test_accuracy 0.5581
permutation 1
train_size 36468
p 0
spikes 0.002
time_train 1468.9197541987523
time_test 5.1008916003629565

